03001627 0000
03001627 0001
03001627 0002
03001627 0003
03001627 0004
03001627 0005
03001627 0006
03001627 0007
03001627 0008
03001627 0009
03001627 0010
03001627 0011
03001627 0012
03001627 0013
03001627 0014
03001627 0015
03001627 0016
03001627 0017
03001627 0018
03001627 0019
03001627 0020
03001627 0021
03001627 0022
03001627 0023
03001627 0024
03001627 0025
03001627 0026
03001627 0027
03001627 0028
03001627 0029
03001627 0030
03001627 0031
03001627 0032
03001627 0033
03001627 0034
03001627 0035
03001627 0036
03001627 0037
03001627 0038
03001627 0039
03001627 0040
03001627 0041
03001627 0042
03001627 0043
03001627 0044
03001627 0045
03001627 0046
03001627 0047
03001627 0048
03001627 0049
03001627 0050
03001627 0051
03001627 0052
03001627 0053
03001627 0054
03001627 0055
03001627 0056
03001627 0057
03001627 0058
03001627 0059
03001627 0060
03001627 0061
03001627 0062
03001627 0063
03001627 0064
03001627 0065
03001627 0066
03001627 0067
03001627 0068
03001627 0069
03001627 0070
03001627 0071
03001627 0072
03001627 0073
03001627 0074
03001627 0075
03001627 0076
03001627 0077
03001627 0078
03001627 0079
03001627 0080
03001627 0081
03001627 0082
03001627 0083
03001627 0084
03001627 0085
03001627 0086
03001627 0087
03001627 0088
03001627 0089
03001627 0090
03001627 0091
03001627 0092
03001627 0093
03001627 0094
03001627 0095
03001627 0096
03001627 0097
03001627 0098
03001627 0099
03001627 0100
03001627 0101
03001627 0102
03001627 0103
03001627 0104
03001627 0105
03001627 0106
03001627 0107
03001627 0108
03001627 0109
03001627 0110
03001627 0111
03001627 0112
03001627 0113
03001627 0114
03001627 0115
03001627 0116
03001627 0117
03001627 0118
03001627 0119
03001627 0120
03001627 0121
03001627 0122
03001627 0123
03001627 0124
03001627 0125
03001627 0126
03001627 0127
03001627 0128
03001627 0129
03001627 0130
03001627 0131
03001627 0132
03001627 0133
03001627 0134
03001627 0135
03001627 0136
03001627 0137
03001627 0138
03001627 0139
03001627 0140
03001627 0141
03001627 0142
03001627 0143
03001627 0144
03001627 0145
03001627 0146
03001627 0147
03001627 0148
03001627 0149
03001627 0150
03001627 0151
03001627 0152
03001627 0153
03001627 0154
03001627 0155
03001627 0156
03001627 0157
03001627 0158
03001627 0159
03001627 0160
03001627 0161
03001627 0162
03001627 0163
03001627 0164
03001627 0165
03001627 0166
03001627 0167
03001627 0168
03001627 0169
03001627 0170
03001627 0171
03001627 0172
03001627 0173
03001627 0174
03001627 0175
03001627 0176
03001627 0177
03001627 0178
03001627 0179
03001627 0180
03001627 0181
03001627 0182
03001627 0183
03001627 0184
03001627 0185
03001627 0186
03001627 0187
03001627 0188
03001627 0189
03001627 0190
03001627 0191
03001627 0192
03001627 0193
03001627 0194
03001627 0195
03001627 0196
03001627 0197
03001627 0198
03001627 0199
03001627 0200
03001627 0201
03001627 0202
03001627 0203
03001627 0204
03001627 0205
03001627 0206
03001627 0207
03001627 0208
03001627 0209
03001627 0210
03001627 0211
03001627 0212
03001627 0213
03001627 0214
03001627 0215
03001627 0216
03001627 0217
03001627 0218
03001627 0219
03001627 0220
03001627 0221
03001627 0222
03001627 0223
03001627 0224
03001627 0225
03001627 0226
03001627 0227
03001627 0228
03001627 0229
03001627 0230
03001627 0231
03001627 0232
03001627 0233
03001627 0234
03001627 0235
03001627 0236
03001627 0237
03001627 0238
03001627 0239
03001627 0240
03001627 0241
03001627 0242
03001627 0243
03001627 0244
03001627 0245
03001627 0246
03001627 0247
03001627 0248
03001627 0249
03001627 0250
03001627 0251
03001627 0252
03001627 0253
03001627 0254
03001627 0255
03001627 0256
03001627 0257
03001627 0258
03001627 0259
03001627 0260
03001627 0261
03001627 0262
03001627 0263
03001627 0264
03001627 0265
03001627 0266
03001627 0267
03001627 0268
03001627 0269
03001627 0270
03001627 0271
03001627 0272
03001627 0273
03001627 0274
03001627 0275
03001627 0276
03001627 0277
03001627 0278
03001627 0279
03001627 0280
03001627 0281
03001627 0282
03001627 0283
03001627 0284
03001627 0285
03001627 0286
03001627 0287
03001627 0288
03001627 0289
03001627 0290
03001627 0291
03001627 0292
03001627 0293
03001627 0294
03001627 0295
03001627 0296
03001627 0297
03001627 0298
03001627 0299
03001627 0300
03001627 0301
03001627 0302
03001627 0303
03001627 0304
03001627 0305
03001627 0306
03001627 0307
03001627 0308
03001627 0309
03001627 0310
03001627 0311
03001627 0312
03001627 0313
03001627 0314
03001627 0315
03001627 0316
03001627 0317
03001627 0318
03001627 0319
03001627 0320
03001627 0321
03001627 0322
03001627 0323
03001627 0324
03001627 0325
03001627 0326
03001627 0327
03001627 0328
03001627 0329
03001627 0330
03001627 0331
03001627 0332
03001627 0333
03001627 0334
03001627 0335
03001627 0336
03001627 0337
03001627 0338
03001627 0339
03001627 0340
03001627 0341
03001627 0342
03001627 0343
03001627 0344
03001627 0345
03001627 0346
03001627 0347
03001627 0348
03001627 0349
03001627 0350
03001627 0351
03001627 0352
03001627 0353
03001627 0354
03001627 0355
03001627 0356
03001627 0357
03001627 0358
03001627 0359
03001627 0360
03001627 0361
03001627 0362
03001627 0363
03001627 0364
03001627 0365
03001627 0366
03001627 0367
03001627 0368
03001627 0369
03001627 0370
03001627 0371
03001627 0372
03001627 0373
03001627 0374
03001627 0375
03001627 0376
03001627 0377
03001627 0378
03001627 0379
03001627 0380
03001627 0381
03001627 0382
03001627 0383
03001627 0384
03001627 0385
03001627 0386
03001627 0387
03001627 0388
03001627 0389
03001627 0390
03001627 0391
03001627 0392
03001627 0393
03001627 0394
03001627 0395
03001627 0396
03001627 0397
03001627 0398
03001627 0399
03001627 0400
03001627 0401
03001627 0402
03001627 0403
03001627 0404
03001627 0405
03001627 0406
03001627 0407
03001627 0408
03001627 0409
03001627 0410
03001627 0411
03001627 0412
03001627 0413
03001627 0414
03001627 0415
03001627 0416
03001627 0417
03001627 0418
03001627 0419
03001627 0420
03001627 0421
03001627 0422
03001627 0423
03001627 0424
03001627 0425
03001627 0426
03001627 0427
03001627 0428
03001627 0429
03001627 0430
03001627 0431
03001627 0432
03001627 0433
03001627 0434
03001627 0435
03001627 0436
03001627 0437
03001627 0438
03001627 0439
03001627 0440
03001627 0441
03001627 0442
03001627 0443
03001627 0444
03001627 0445
03001627 0446
03001627 0447
03001627 0448
03001627 0449
03001627 0450
03001627 0451
03001627 0452
03001627 0453
03001627 0454
03001627 0455
03001627 0456
03001627 0457
03001627 0458
03001627 0459
03001627 0460
03001627 0461
03001627 0462
03001627 0463
03001627 0464
03001627 0465
03001627 0466
03001627 0467
03001627 0468
03001627 0469
03001627 0470
03001627 0471
03001627 0472
03001627 0473
03001627 0474
03001627 0475
03001627 0476
03001627 0477
03001627 0478
03001627 0479
03001627 0480
03001627 0481
03001627 0482
03001627 0483
03001627 0484
03001627 0485
03001627 0486
03001627 0487
03001627 0488
03001627 0489
03001627 0490
03001627 0491
03001627 0492
03001627 0493
03001627 0494
03001627 0495
03001627 0496
03001627 0497
03001627 0498
03001627 0499
03001627 0500
03001627 0501
03001627 0502
03001627 0503
03001627 0504
03001627 0505
03001627 0506
03001627 0507
03001627 0508
03001627 0509
03001627 0510
03001627 0511
03001627 0512
03001627 0513
03001627 0514
03001627 0515
03001627 0516
03001627 0517
03001627 0518
03001627 0519
03001627 0520
03001627 0521
03001627 0522
03001627 0523
03001627 0524
03001627 0525
03001627 0526
03001627 0527
03001627 0528
03001627 0529
03001627 0530
03001627 0531
03001627 0532
03001627 0533
03001627 0534
03001627 0535
03001627 0536
03001627 0537
03001627 0538
03001627 0539
03001627 0540
03001627 0541
03001627 0542
03001627 0543
03001627 0544
03001627 0545
03001627 0546
03001627 0547
03001627 0548
03001627 0549
03001627 0550
03001627 0551
03001627 0552
03001627 0553
03001627 0554
03001627 0555
03001627 0556
03001627 0557
03001627 0558
03001627 0559
03001627 0560
03001627 0561
03001627 0562
03001627 0563
03001627 0564
03001627 0565
03001627 0566
03001627 0567
03001627 0568
03001627 0569
03001627 0570
03001627 0571
03001627 0572
03001627 0573
03001627 0574
03001627 0575
03001627 0576
03001627 0577
03001627 0578
03001627 0579
03001627 0580
03001627 0581
03001627 0582
03001627 0583
03001627 0584
03001627 0585
03001627 0586
03001627 0587
03001627 0588
03001627 0589
03001627 0590
03001627 0591
03001627 0592
03001627 0593
03001627 0594
03001627 0595
03001627 0596
03001627 0597
03001627 0598
03001627 0599
03001627 0600
03001627 0601
03001627 0602
03001627 0603
03001627 0604
03001627 0605
03001627 0606
03001627 0607
03001627 0608
03001627 0609
03001627 0610
03001627 0611
03001627 0612
03001627 0613
03001627 0614
03001627 0615
03001627 0616
03001627 0617
03001627 0618
03001627 0619
03001627 0620
03001627 0621
03001627 0622
03001627 0623
03001627 0624
03001627 0625
03001627 0626
03001627 0627
03001627 0628
03001627 0629
03001627 0630
03001627 0631
03001627 0632
03001627 0633
03001627 0634
03001627 0635
03001627 0636
03001627 0637
03001627 0638
03001627 0639
03001627 0640
03001627 0641
03001627 0642
03001627 0643
03001627 0644
03001627 0645
03001627 0646
03001627 0647
03001627 0648
03001627 0649
03001627 0650
03001627 0651
03001627 0652
03001627 0653
03001627 0654
03001627 0655
03001627 0656
03001627 0657
03001627 0658
03001627 0659
03001627 0660
03001627 0661
03001627 0662
03001627 0663
03001627 0664
03001627 0665
03001627 0666
03001627 0667
03001627 0668
03001627 0669
03001627 0670
03001627 0671
03001627 0672
03001627 0673
03001627 0674
03001627 0675
03001627 0676
03001627 0677
03001627 0678
03001627 0679
03001627 0680
03001627 0681
03001627 0682
03001627 0683
03001627 0684
03001627 0685
03001627 0686
03001627 0687
03001627 0688
03001627 0689
03001627 0690
03001627 0691
03001627 0692
03001627 0693
03001627 0694
03001627 0695
03001627 0696
03001627 0697
03001627 0698
03001627 0699
03001627 0700
03001627 0701
03001627 0702
03001627 0703
03001627 0704
03001627 0705
03001627 0706
03001627 0707
03001627 0708
03001627 0709
03001627 0710
03001627 0711
03001627 0712
03001627 0713
03001627 0714
03001627 0715
03001627 0716
03001627 0717
03001627 0718
03001627 0719
03001627 0720
03001627 0721
03001627 0722
03001627 0723
03001627 0724
03001627 0725
03001627 0726
03001627 0727
03001627 0728
03001627 0729
03001627 0730
03001627 0731
03001627 0732
03001627 0733
03001627 0734
03001627 0735
03001627 0736
03001627 0737
03001627 0738
03001627 0739
03001627 0740
03001627 0741
03001627 0742
03001627 0743
03001627 0744
03001627 0745
03001627 0746
03001627 0747
03001627 0748
03001627 0749
03001627 0750
03001627 0751
03001627 0752
03001627 0753
03001627 0754
03001627 0755
03001627 0756
03001627 0757
03001627 0758
03001627 0759
03001627 0760
03001627 0761
03001627 0762
03001627 0763
03001627 0764
03001627 0765
03001627 0766
03001627 0767
03001627 0768
03001627 0769
03001627 0770
03001627 0771
03001627 0772
03001627 0773
03001627 0774
03001627 0775
03001627 0776
03001627 0777
03001627 0778
03001627 0779
03001627 0780
03001627 0781
03001627 0782
03001627 0783
03001627 0784
03001627 0785
03001627 0786
03001627 0787
03001627 0788
03001627 0789
03001627 0790
03001627 0791
03001627 0792
03001627 0793
03001627 0794
03001627 0795
03001627 0796
03001627 0797
03001627 0798
03001627 0799
03001627 0800
03001627 0801
03001627 0802
03001627 0803
03001627 0804
03001627 0805
03001627 0806
03001627 0807
03001627 0808
03001627 0809
03001627 0810
03001627 0811
03001627 0812
03001627 0813
03001627 0814
03001627 0815
03001627 0816
03001627 0817
03001627 0818
03001627 0819
03001627 0820
03001627 0821
03001627 0822
03001627 0823
03001627 0824
03001627 0825
03001627 0826
03001627 0827
03001627 0828
03001627 0829
03001627 0830
03001627 0831
03001627 0832
03001627 0833
03001627 0834
03001627 0835
03001627 0836
03001627 0837
03001627 0838
03001627 0839
03001627 0840
03001627 0841
03001627 0842
03001627 0843
03001627 0844
03001627 0845
03001627 0846
03001627 0847
03001627 0848
03001627 0849
03001627 0850
03001627 0851
03001627 0852
03001627 0853
03001627 0854
03001627 0855
03001627 0856
03001627 0857
03001627 0858
03001627 0859
03001627 0860
03001627 0861
03001627 0862
03001627 0863
03001627 0864
03001627 0865
03001627 0866
03001627 0867
03001627 0868
03001627 0869
03001627 0870
03001627 0871
03001627 0872
03001627 0873
03001627 0874
03001627 0875
03001627 0876
03001627 0877
03001627 0878
03001627 0879
03001627 0880
03001627 0881
03001627 0882
03001627 0883
03001627 0884
03001627 0885
03001627 0886
03001627 0887
03001627 0888
03001627 0889
03001627 0890
03001627 0891
03001627 0892
03001627 0893
03001627 0894
03001627 0895
03001627 0896
03001627 0897
03001627 0898
03001627 0899
03001627 0900
03001627 0901
03001627 0902
03001627 0903
03001627 0904
03001627 0905
03001627 0906
03001627 0907
03001627 0908
03001627 0909
03001627 0910
03001627 0911
03001627 0912
03001627 0913
03001627 0914
03001627 0915
03001627 0916
03001627 0917
03001627 0918
03001627 0919
03001627 0920
03001627 0921
03001627 0922
03001627 0923
03001627 0924
03001627 0925
03001627 0926
03001627 0927
03001627 0928
03001627 0929
03001627 0930
03001627 0931
03001627 0932
03001627 0933
03001627 0934
03001627 0935
03001627 0936
03001627 0937
03001627 0938
03001627 0939
03001627 0940
03001627 0941
03001627 0942
03001627 0943
03001627 0944
03001627 0945
03001627 0946
03001627 0947
03001627 0948
03001627 0949
03001627 0950
03001627 0951
03001627 0952
03001627 0953
03001627 0954
03001627 0955
03001627 0956
03001627 0957
03001627 0958
03001627 0959
03001627 0960
03001627 0961
03001627 0962
03001627 0963
03001627 0964
03001627 0965
03001627 0966
03001627 0967
03001627 0968
03001627 0969
03001627 0970
03001627 0971
03001627 0972
03001627 0973
03001627 0974
03001627 0975
03001627 0976
03001627 0977
03001627 0978
03001627 0979
03001627 0980
03001627 0981
03001627 0982
03001627 0983
03001627 0984
03001627 0985
03001627 0986
03001627 0987
03001627 0988
03001627 0989
03001627 0990
03001627 0991
03001627 0992
03001627 0993
03001627 0994
03001627 0995
03001627 0996
03001627 0997
03001627 0998
03001627 0999
03001627 1000
03001627 1001
03001627 1002
03001627 1003
03001627 1004
03001627 1005
03001627 1006
03001627 1007
03001627 1008
03001627 1009
03001627 1010
03001627 1011
03001627 1012
03001627 1013
03001627 1014
03001627 1015
03001627 1016
03001627 1017
03001627 1018
03001627 1019
03001627 1020
03001627 1021
03001627 1022
03001627 1023
03001627 1024
03001627 1025
03001627 1026
03001627 1027
03001627 1028
03001627 1029
03001627 1030
03001627 1031
03001627 1032
03001627 1033
03001627 1034
03001627 1035
03001627 1036
03001627 1037
03001627 1038
03001627 1039
03001627 1040
03001627 1041
03001627 1042
03001627 1043
03001627 1044
03001627 1045
03001627 1046
03001627 1047
03001627 1048
03001627 1049
03001627 1050
03001627 1051
03001627 1052
03001627 1053
03001627 1054
03001627 1055
03001627 1056
03001627 1057
03001627 1058
03001627 1059
03001627 1060
03001627 1061
03001627 1062
03001627 1063
03001627 1064
03001627 1065
03001627 1066
03001627 1067
03001627 1068
03001627 1069
03001627 1070
03001627 1071
03001627 1072
03001627 1073
03001627 1074
03001627 1075
03001627 1076
03001627 1077
03001627 1078
03001627 1079
03001627 1080
03001627 1081
03001627 1082
03001627 1083
03001627 1084
03001627 1085
03001627 1086
03001627 1087
03001627 1088
03001627 1089
03001627 1090
03001627 1091
03001627 1092
03001627 1093
03001627 1094
03001627 1095
03001627 1096
03001627 1097
03001627 1098
03001627 1099
03001627 1100
03001627 1101
03001627 1102
03001627 1103
03001627 1104
03001627 1105
03001627 1106
03001627 1107
03001627 1108
03001627 1109
03001627 1110
03001627 1111
03001627 1112
03001627 1113
03001627 1114
03001627 1115
03001627 1116
03001627 1117
03001627 1118
03001627 1119
03001627 1120
03001627 1121
03001627 1122
03001627 1123
03001627 1124
03001627 1125
03001627 1126
03001627 1127
03001627 1128
03001627 1129
03001627 1130
03001627 1131
03001627 1132
03001627 1133
03001627 1134
03001627 1135
03001627 1136
03001627 1137
03001627 1138
03001627 1139
03001627 1140
03001627 1141
03001627 1142
03001627 1143
03001627 1144
03001627 1145
03001627 1146
03001627 1147
03001627 1148
03001627 1149
03001627 1150
03001627 1151
03001627 1152
03001627 1153
03001627 1154
03001627 1155
03001627 1156
03001627 1157
03001627 1158
03001627 1159
03001627 1160
03001627 1161
03001627 1162
03001627 1163
03001627 1164
03001627 1165
03001627 1166
03001627 1167
03001627 1168
03001627 1169
03001627 1170
03001627 1171
03001627 1172
03001627 1173
03001627 1174
03001627 1175
03001627 1176
03001627 1177
03001627 1178
03001627 1179
03001627 1180
03001627 1181
03001627 1182
03001627 1183
03001627 1184
03001627 1185
03001627 1186
03001627 1187
03001627 1188
03001627 1189
03001627 1190
03001627 1191
03001627 1192
03001627 1193
03001627 1194
03001627 1195
03001627 1196
03001627 1197
03001627 1198
03001627 1199
03001627 1200
03001627 1201
03001627 1202
03001627 1203
03001627 1204
03001627 1205
03001627 1206
03001627 1207
03001627 1208
03001627 1209
03001627 1210
03001627 1211
03001627 1212
03001627 1213
03001627 1214
03001627 1215
03001627 1216
03001627 1217
03001627 1218
03001627 1219
03001627 1220
03001627 1221
03001627 1222
03001627 1223
03001627 1224
03001627 1225
03001627 1226
03001627 1227
03001627 1228
03001627 1229
03001627 1230
03001627 1231
03001627 1232
03001627 1233
03001627 1234
03001627 1235
03001627 1236
03001627 1237
03001627 1238
03001627 1239
03001627 1240
03001627 1241
03001627 1242
03001627 1243
03001627 1244
03001627 1245
03001627 1246
03001627 1247
03001627 1248
03001627 1249
03001627 1250
03001627 1251
03001627 1252
03001627 1253
03001627 1254
03001627 1255
03001627 1256
03001627 1257
03001627 1258
03001627 1259
03001627 1260
03001627 1261
03001627 1262
03001627 1263
03001627 1264
03001627 1265
03001627 1266
03001627 1267
03001627 1268
03001627 1269
03001627 1270
03001627 1271
03001627 1272
03001627 1273
03001627 1274
03001627 1275
03001627 1276
03001627 1277
03001627 1278
03001627 1279
03001627 1280
03001627 1281
03001627 1282
03001627 1283
03001627 1284
03001627 1285
03001627 1286
03001627 1287
03001627 1288
03001627 1289
03001627 1290
03001627 1291
03001627 1292
03001627 1293
03001627 1294
03001627 1295
03001627 1296
03001627 1297
03001627 1298
03001627 1299
03001627 1300
03001627 1301
03001627 1302
03001627 1303
03001627 1304
03001627 1305
03001627 1306
03001627 1307
03001627 1308
03001627 1309
03001627 1310
03001627 1311
03001627 1312
03001627 1313
03001627 1314
03001627 1315
03001627 1316
03001627 1317
03001627 1318
03001627 1319
03001627 1320
03001627 1321
03001627 1322
03001627 1323
03001627 1324
03001627 1325
03001627 1326
03001627 1327
03001627 1328
03001627 1329
03001627 1330
03001627 1331
03001627 1332
03001627 1333
03001627 1334
03001627 1335
03001627 1336
03001627 1337
03001627 1338
03001627 1339
03001627 1340
03001627 1341
03001627 1342
03001627 1343
03001627 1344
03001627 1345
03001627 1346
03001627 1347
03001627 1348
03001627 1349
03001627 1350
03001627 1351
03001627 1352
03001627 1353
03001627 1354
03001627 1355
03001627 1356
03001627 1357
03001627 1358
03001627 1359
03001627 1360
03001627 1361
03001627 1362
03001627 1363
03001627 1364
03001627 1365
03001627 1366
03001627 1367
03001627 1368
03001627 1369
03001627 1370
03001627 1371
03001627 1372
03001627 1373
03001627 1374
03001627 1375
03001627 1376
03001627 1377
03001627 1378
03001627 1379
03001627 1380
03001627 1381
03001627 1382
03001627 1383
03001627 1384
03001627 1385
03001627 1386
03001627 1387
03001627 1388
03001627 1389
03001627 1390
03001627 1391
03001627 1392
03001627 1393
03001627 1394
03001627 1395
03001627 1396
03001627 1397
03001627 1398
03001627 1399
03001627 1400
03001627 1401
03001627 1402
03001627 1403
03001627 1404
03001627 1405
03001627 1406
03001627 1407
03001627 1408
03001627 1409
03001627 1410
03001627 1411
03001627 1412
03001627 1413
03001627 1414
03001627 1415
03001627 1416
03001627 1417
03001627 1418
03001627 1419
03001627 1420
03001627 1421
03001627 1422
03001627 1423
03001627 1424
03001627 1425
03001627 1426
03001627 1427
03001627 1428
03001627 1429
03001627 1430
03001627 1431
03001627 1432
03001627 1433
03001627 1434
03001627 1435
03001627 1436
03001627 1437
03001627 1438
03001627 1439
03001627 1440
03001627 1441
03001627 1442
03001627 1443
03001627 1444
03001627 1445
03001627 1446
03001627 1447
03001627 1448
03001627 1449
03001627 1450
03001627 1451
03001627 1452
03001627 1453
03001627 1454
03001627 1455
03001627 1456
03001627 1457
03001627 1458
03001627 1459
03001627 1460
03001627 1461
03001627 1462
03001627 1463
03001627 1464
03001627 1465
03001627 1466
03001627 1467
03001627 1468
03001627 1469
03001627 1470
03001627 1471
03001627 1472
03001627 1473
03001627 1474
03001627 1475
03001627 1476
03001627 1477
03001627 1478
03001627 1479
03001627 1480
03001627 1481
03001627 1482
03001627 1483
03001627 1484
03001627 1485
03001627 1486
03001627 1487
03001627 1488
03001627 1489
03001627 1490
03001627 1491
03001627 1492
03001627 1493
03001627 1494
03001627 1495
03001627 1496
03001627 1497
03001627 1498
03001627 1499
03001627 1500
03001627 1501
03001627 1502
03001627 1503
03001627 1504
03001627 1505
03001627 1506
03001627 1507
03001627 1508
03001627 1509
03001627 1510
03001627 1511
03001627 1512
03001627 1513
03001627 1514
03001627 1515
03001627 1516
03001627 1517
03001627 1518
03001627 1519
03001627 1520
03001627 1521
03001627 1522
03001627 1523
03001627 1524
03001627 1525
03001627 1526
03001627 1527
03001627 1528
03001627 1529
03001627 1530
03001627 1531
03001627 1532
03001627 1533
03001627 1534
03001627 1535
03001627 1536
03001627 1537
03001627 1538
03001627 1539
03001627 1540
03001627 1541
03001627 1542
03001627 1543
03001627 1544
03001627 1545
03001627 1546
03001627 1547
03001627 1548
03001627 1549
03001627 1550
03001627 1551
03001627 1552
03001627 1553
03001627 1554
03001627 1555
03001627 1556
03001627 1557
03001627 1558
03001627 1559
03001627 1560
03001627 1561
03001627 1562
03001627 1563
03001627 1564
03001627 1565
03001627 1566
03001627 1567
03001627 1568
03001627 1569
03001627 1570
03001627 1571
03001627 1572
03001627 1573
03001627 1574
03001627 1575
03001627 1576
03001627 1577
03001627 1578
03001627 1579
03001627 1580
03001627 1581
03001627 1582
03001627 1583
03001627 1584
03001627 1585
03001627 1586
03001627 1587
03001627 1588
03001627 1589
03001627 1590
03001627 1591
03001627 1592
03001627 1593
03001627 1594
03001627 1595
03001627 1596
03001627 1597
03001627 1598
03001627 1599
03001627 1600
03001627 1601
03001627 1602
03001627 1603
03001627 1604
03001627 1605
03001627 1606
03001627 1607
03001627 1608
03001627 1609
03001627 1610
03001627 1611
03001627 1612
03001627 1613
03001627 1614
03001627 1615
03001627 1616
03001627 1617
03001627 1618
03001627 1619
03001627 1620
03001627 1621
03001627 1622
03001627 1623
03001627 1624
03001627 1625
03001627 1626
03001627 1627
03001627 1628
03001627 1629
03001627 1630
03001627 1631
03001627 1632
03001627 1633
03001627 1634
03001627 1635
03001627 1636
03001627 1637
03001627 1638
03001627 1639
03001627 1640
03001627 1641
03001627 1642
03001627 1643
03001627 1644
03001627 1645
03001627 1646
03001627 1647
03001627 1648
03001627 1649
03001627 1650
03001627 1651
03001627 1652
03001627 1653
03001627 1654
03001627 1655
03001627 1656
03001627 1657
03001627 1658
03001627 1659
03001627 1660
03001627 1661
03001627 1662
03001627 1663
03001627 1664
03001627 1665
03001627 1666
03001627 1667
03001627 1668
03001627 1669
03001627 1670
03001627 1671
03001627 1672
03001627 1673
03001627 1674
03001627 1675
03001627 1676
03001627 1677
03001627 1678
03001627 1679
03001627 1680
03001627 1681
03001627 1682
03001627 1683
03001627 1684
03001627 1685
03001627 1686
03001627 1687
03001627 1688
03001627 1689
03001627 1690
03001627 1691
03001627 1692
03001627 1693
03001627 1694
03001627 1695
03001627 1696
03001627 1697
03001627 1698
03001627 1699
03001627 1700
03001627 1701
03001627 1702
03001627 1703
03001627 1704
03001627 1705
03001627 1706
03001627 1707
03001627 1708
03001627 1709
03001627 1710
03001627 1711
03001627 1712
03001627 1713
03001627 1714
03001627 1715
03001627 1716
03001627 1717
03001627 1718
03001627 1719
03001627 1720
03001627 1721
03001627 1722
03001627 1723
03001627 1724
03001627 1725
03001627 1726
03001627 1727
03001627 1728
03001627 1729
03001627 1730
03001627 1731
03001627 1732
03001627 1733
03001627 1734
03001627 1735
03001627 1736
03001627 1737
03001627 1738
03001627 1739
03001627 1740
03001627 1741
03001627 1742
03001627 1743
03001627 1744
03001627 1745
03001627 1746
03001627 1747
03001627 1748
03001627 1749
03001627 1750
03001627 1751
03001627 1752
03001627 1753
03001627 1754
03001627 1755
03001627 1756
03001627 1757
03001627 1758
03001627 1759
03001627 1760
03001627 1761
03001627 1762
03001627 1763
03001627 1764
03001627 1765
03001627 1766
03001627 1767
03001627 1768
03001627 1769
03001627 1770
03001627 1771
03001627 1772
03001627 1773
03001627 1774
03001627 1775
03001627 1776
03001627 1777
03001627 1778
03001627 1779
03001627 1780
03001627 1781
03001627 1782
03001627 1783
03001627 1784
03001627 1785
03001627 1786
03001627 1787
03001627 1788
03001627 1789
03001627 1790
03001627 1791
03001627 1792
03001627 1793
03001627 1794
03001627 1795
03001627 1796
03001627 1797
03001627 1798
03001627 1799
03001627 1800
03001627 1801
03001627 1802
03001627 1803
03001627 1804
03001627 1805
03001627 1806
03001627 1807
03001627 1808
03001627 1809
03001627 1810
03001627 1811
03001627 1812
03001627 1813
03001627 1814
03001627 1815
03001627 1816
03001627 1817
03001627 1818
03001627 1819
03001627 1820
03001627 1821
03001627 1822
03001627 1823
03001627 1824
03001627 1825
03001627 1826
03001627 1827
03001627 1828
03001627 1829
03001627 1830
03001627 1831
03001627 1832
03001627 1833
03001627 1834
03001627 1835
03001627 1836
03001627 1837
03001627 1838
03001627 1839
03001627 1840
03001627 1841
03001627 1842
03001627 1843
03001627 1844
03001627 1845
03001627 1846
03001627 1847
03001627 1848
03001627 1849
03001627 1850
03001627 1851
03001627 1852
03001627 1853
03001627 1854
03001627 1855
03001627 1856
03001627 1857
03001627 1858
03001627 1859
03001627 1860
03001627 1861
03001627 1862
03001627 1863
03001627 1864
03001627 1865
03001627 1866
03001627 1867
03001627 1868
03001627 1869
03001627 1870
03001627 1871
03001627 1872
03001627 1873
03001627 1874
03001627 1875
03001627 1876
03001627 1877
03001627 1878
03001627 1879
03001627 1880
03001627 1881
03001627 1882
03001627 1883
03001627 1884
03001627 1885
03001627 1886
03001627 1887
03001627 1888
03001627 1889
03001627 1890
03001627 1891
03001627 1892
03001627 1893
03001627 1894
03001627 1895
03001627 1896
03001627 1897
03001627 1898
03001627 1899
03001627 1900
03001627 1901
03001627 1902
03001627 1903
03001627 1904
03001627 1905
03001627 1906
03001627 1907
03001627 1908
03001627 1909
03001627 1910
03001627 1911
03001627 1912
03001627 1913
03001627 1914
03001627 1915
03001627 1916
03001627 1917
03001627 1918
03001627 1919
03001627 1920
03001627 1921
03001627 1922
03001627 1923
03001627 1924
03001627 1925
03001627 1926
03001627 1927
03001627 1928
03001627 1929
03001627 1930
03001627 1931
03001627 1932
03001627 1933
03001627 1934
03001627 1935
03001627 1936
03001627 1937
03001627 1938
03001627 1939
03001627 1940
03001627 1941
03001627 1942
03001627 1943
03001627 1944
03001627 1945
03001627 1946
03001627 1947
03001627 1948
03001627 1949
03001627 1950
03001627 1951
03001627 1952
03001627 1953
03001627 1954
03001627 1955
03001627 1956
03001627 1957
03001627 1958
03001627 1959
03001627 1960
03001627 1961
03001627 1962
03001627 1963
03001627 1964
03001627 1965
03001627 1966
03001627 1967
03001627 1968
03001627 1969
03001627 1970
03001627 1971
03001627 1972
03001627 1973
03001627 1974
03001627 1975
03001627 1976
03001627 1977
03001627 1978
03001627 1979
03001627 1980
03001627 1981
03001627 1982
03001627 1983
03001627 1984
03001627 1985
03001627 1986
03001627 1987
03001627 1988
03001627 1989
03001627 1990
03001627 1991
03001627 1992
03001627 1993
03001627 1994
03001627 1995
03001627 1996
03001627 1997
03001627 1998
03001627 1999
03001627 2000
03001627 2001
03001627 2002
03001627 2003
03001627 2004
03001627 2005
03001627 2006
03001627 2007
03001627 2008
03001627 2009
03001627 2010
03001627 2011
03001627 2012
03001627 2013
03001627 2014
03001627 2015
03001627 2016
03001627 2017
03001627 2018
03001627 2019
03001627 2020
03001627 2021
03001627 2022
03001627 2023
03001627 2024
03001627 2025
03001627 2026
03001627 2027
03001627 2028
03001627 2029
03001627 2030
03001627 2031
03001627 2032
03001627 2033
03001627 2034
03001627 2035
03001627 2036
03001627 2037
03001627 2038
03001627 2039
03001627 2040
03001627 2041
03001627 2042
03001627 2043
03001627 2044
03001627 2045
03001627 2046
03001627 2047
03001627 2048
03001627 2049
03001627 2050
03001627 2051
03001627 2052
03001627 2053
03001627 2054
03001627 2055
03001627 2056
03001627 2057
03001627 2058
03001627 2059
03001627 2060
03001627 2061
03001627 2062
03001627 2063
03001627 2064
03001627 2065
03001627 2066
03001627 2067
03001627 2068
03001627 2069
03001627 2070
03001627 2071
03001627 2072
03001627 2073
03001627 2074
03001627 2075
03001627 2076
03001627 2077
03001627 2078
03001627 2079
03001627 2080
03001627 2081
03001627 2082
03001627 2083
03001627 2084
03001627 2085
03001627 2086
03001627 2087
03001627 2088
03001627 2089
03001627 2090
03001627 2091
03001627 2092
03001627 2093
03001627 2094
03001627 2095
03001627 2096
03001627 2097
03001627 2098
03001627 2099
03001627 2100
03001627 2101
03001627 2102
03001627 2103
03001627 2104
03001627 2105
03001627 2106
03001627 2107
03001627 2108
03001627 2109
03001627 2110
03001627 2111
03001627 2112
03001627 2113
03001627 2114
03001627 2115
03001627 2116
03001627 2117
03001627 2118
03001627 2119
03001627 2120
03001627 2121
03001627 2122
03001627 2123
03001627 2124
03001627 2125
03001627 2126
03001627 2127
03001627 2128
03001627 2129
03001627 2130
03001627 2131
03001627 2132
03001627 2133
03001627 2134
03001627 2135
03001627 2136
03001627 2137
03001627 2138
03001627 2139
03001627 2140
03001627 2141
03001627 2142
03001627 2143
03001627 2144
03001627 2145
03001627 2146
03001627 2147
03001627 2148
03001627 2149
03001627 2150
03001627 2151
03001627 2152
03001627 2153
03001627 2154
03001627 2155
03001627 2156
03001627 2157
03001627 2158
03001627 2159
03001627 2160
03001627 2161
03001627 2162
03001627 2163
03001627 2164
03001627 2165
03001627 2166
03001627 2167
03001627 2168
03001627 2169
03001627 2170
03001627 2171
03001627 2172
03001627 2173
03001627 2174
03001627 2175
03001627 2176
03001627 2177
03001627 2178
03001627 2179
03001627 2180
03001627 2181
03001627 2182
03001627 2183
03001627 2184
03001627 2185
03001627 2186
03001627 2187
03001627 2188
03001627 2189
03001627 2190
03001627 2191
03001627 2192
03001627 2193
03001627 2194
03001627 2195
03001627 2196
03001627 2197
03001627 2198
03001627 2199
03001627 2200
03001627 2201
03001627 2202
03001627 2203
03001627 2204
03001627 2205
03001627 2206
03001627 2207
03001627 2208
03001627 2209
03001627 2210
03001627 2211
03001627 2212
03001627 2213
03001627 2214
03001627 2215
03001627 2216
03001627 2217
03001627 2218
03001627 2219
03001627 2220
03001627 2221
03001627 2222
03001627 2223
03001627 2224
03001627 2225
03001627 2226
03001627 2227
03001627 2228
03001627 2229
03001627 2230
03001627 2231
03001627 2232
03001627 2233
03001627 2234
03001627 2235
03001627 2236
03001627 2237
03001627 2238
03001627 2239
03001627 2240
03001627 2241
03001627 2242
03001627 2243
03001627 2244
03001627 2245
03001627 2246
03001627 2247
03001627 2248
03001627 2249
03001627 2250
03001627 2251
03001627 2252
03001627 2253
03001627 2254
03001627 2255
03001627 2256
03001627 2257
03001627 2258
03001627 2259
03001627 2260
03001627 2261
03001627 2262
03001627 2263
03001627 2264
03001627 2265
03001627 2266
03001627 2267
03001627 2268
03001627 2269
03001627 2270
03001627 2271
03001627 2272
03001627 2273
03001627 2274
03001627 2275
03001627 2276
03001627 2277
03001627 2278
03001627 2279
03001627 2280
03001627 2281
03001627 2282
03001627 2283
03001627 2284
03001627 2285
03001627 2286
03001627 2287
03001627 2288
03001627 2289
03001627 2290
03001627 2291
03001627 2292
03001627 2293
03001627 2294
03001627 2295
03001627 2296
03001627 2297
03001627 2298
03001627 2299
03001627 2300
03001627 2301
03001627 2302
03001627 2303
03001627 2304
03001627 2305
03001627 2306
03001627 2307
03001627 2308
03001627 2309
03001627 2310
03001627 2311
03001627 2312
03001627 2313
03001627 2314
03001627 2315
03001627 2316
03001627 2317
03001627 2318
03001627 2319
03001627 2320
03001627 2321
03001627 2322
03001627 2323
03001627 2324
03001627 2325
03001627 2326
03001627 2327
03001627 2328
03001627 2329
03001627 2330
03001627 2331
03001627 2332
03001627 2333
03001627 2334
03001627 2335
03001627 2336
03001627 2337
03001627 2338
03001627 2339
03001627 2340
03001627 2341
03001627 2342
03001627 2343
03001627 2344
03001627 2345
03001627 2346
03001627 2347
03001627 2348
03001627 2349
03001627 2350
03001627 2351
03001627 2352
03001627 2353
03001627 2354
03001627 2355
03001627 2356
03001627 2357
03001627 2358
03001627 2359
03001627 2360
03001627 2361
03001627 2362
03001627 2363
03001627 2364
03001627 2365
03001627 2366
03001627 2367
03001627 2368
03001627 2369
03001627 2370
03001627 2371
03001627 2372
03001627 2373
03001627 2374
03001627 2375
03001627 2376
03001627 2377
03001627 2378
03001627 2379
03001627 2380
03001627 2381
03001627 2382
03001627 2383
03001627 2384
03001627 2385
03001627 2386
03001627 2387
03001627 2388
03001627 2389
03001627 2390
03001627 2391
03001627 2392
03001627 2393
03001627 2394
03001627 2395
03001627 2396
03001627 2397
03001627 2398
03001627 2399
03001627 2400
03001627 2401
03001627 2402
03001627 2403
03001627 2404
03001627 2405
03001627 2406
03001627 2407
03001627 2408
03001627 2409
03001627 2410
03001627 2411
03001627 2412
03001627 2413
03001627 2414
03001627 2415
03001627 2416
03001627 2417
03001627 2418
03001627 2419
03001627 2420
03001627 2421
03001627 2422
03001627 2423
03001627 2424
03001627 2425
03001627 2426
03001627 2427
03001627 2428
03001627 2429
03001627 2430
03001627 2431
03001627 2432
03001627 2433
03001627 2434
03001627 2435
03001627 2436
03001627 2437
03001627 2438
03001627 2439
03001627 2440
03001627 2441
03001627 2442
03001627 2443
03001627 2444
03001627 2445
03001627 2446
03001627 2447
03001627 2448
03001627 2449
03001627 2450
03001627 2451
03001627 2452
03001627 2453
03001627 2454
03001627 2455
03001627 2456
03001627 2457
03001627 2458
03001627 2459
03001627 2460
03001627 2461
03001627 2462
03001627 2463
03001627 2464
03001627 2465
03001627 2466
03001627 2467
03001627 2468
03001627 2469
03001627 2470
03001627 2471
03001627 2472
03001627 2473
03001627 2474
03001627 2475
03001627 2476
03001627 2477
03001627 2478
03001627 2479
03001627 2480
03001627 2481
03001627 2482
03001627 2483
03001627 2484
03001627 2485
03001627 2486
03001627 2487
03001627 2488
03001627 2489
03001627 2490
03001627 2491
03001627 2492
03001627 2493
03001627 2494
03001627 2495
03001627 2496
03001627 2497
03001627 2498
03001627 2499
03001627 2500
03001627 2501
03001627 2502
03001627 2503
03001627 2504
03001627 2505
03001627 2506
03001627 2507
03001627 2508
03001627 2509
03001627 2510
03001627 2511
03001627 2512
03001627 2513
03001627 2514
03001627 2515
03001627 2516
03001627 2517
03001627 2518
03001627 2519
03001627 2520
03001627 2521
03001627 2522
03001627 2523
03001627 2524
03001627 2525
03001627 2526
03001627 2527
03001627 2528
03001627 2529
03001627 2530
03001627 2531
03001627 2532
03001627 2533
03001627 2534
03001627 2535
03001627 2536
03001627 2537
03001627 2538
03001627 2539
03001627 2540
03001627 2541
03001627 2542
03001627 2543
03001627 2544
03001627 2545
03001627 2546
03001627 2547
03001627 2548
03001627 2549
03001627 2550
03001627 2551
03001627 2552
03001627 2553
03001627 2554
03001627 2555
03001627 2556
03001627 2557
03001627 2558
03001627 2559
03001627 2560
03001627 2561
03001627 2562
03001627 2563
03001627 2564
03001627 2565
03001627 2566
03001627 2567
03001627 2568
03001627 2569
03001627 2570
03001627 2571
03001627 2572
03001627 2573
03001627 2574
03001627 2575
03001627 2576
03001627 2577
03001627 2578
03001627 2579
03001627 2580
03001627 2581
03001627 2582
03001627 2583
03001627 2584
03001627 2585
03001627 2586
03001627 2587
03001627 2588
03001627 2589
03001627 2590
03001627 2591
03001627 2592
03001627 2593
03001627 2594
03001627 2595
03001627 2596
03001627 2597
03001627 2598
03001627 2599
03001627 2600
03001627 2601
03001627 2602
03001627 2603
03001627 2604
03001627 2605
03001627 2606
03001627 2607
03001627 2608
03001627 2609
03001627 2610
03001627 2611
03001627 2612
03001627 2613
03001627 2614
03001627 2615
03001627 2616
03001627 2617
03001627 2618
03001627 2619
03001627 2620
03001627 2621
03001627 2622
03001627 2623
03001627 2624
03001627 2625
03001627 2626
03001627 2627
03001627 2628
03001627 2629
03001627 2630
03001627 2631
03001627 2632
03001627 2633
03001627 2634
03001627 2635
03001627 2636
03001627 2637
03001627 2638
03001627 2639
03001627 2640
03001627 2641
03001627 2642
03001627 2643
03001627 2644
03001627 2645
03001627 2646
03001627 2647
03001627 2648
03001627 2649
03001627 2650
03001627 2651
03001627 2652
03001627 2653
03001627 2654
03001627 2655
03001627 2656
03001627 2657
03001627 2658
03001627 2659
03001627 2660
03001627 2661
03001627 2662
03001627 2663
03001627 2664
03001627 2665
03001627 2666
03001627 2667
03001627 2668
03001627 2669
03001627 2670
03001627 2671
03001627 2672
03001627 2673
03001627 2674
03001627 2675
03001627 2676
03001627 2677
03001627 2678
03001627 2679
03001627 2680
03001627 2681
03001627 2682
03001627 2683
03001627 2684
03001627 2685
03001627 2686
03001627 2687
03001627 2688
03001627 2689
03001627 2690
03001627 2691
03001627 2692
03001627 2693
03001627 2694
03001627 2695
03001627 2696
03001627 2697
03001627 2698
03001627 2699
03001627 2700
03001627 2701
03001627 2702
03001627 2703
03001627 2704
03001627 2705
03001627 2706
03001627 2707
03001627 2708
03001627 2709
03001627 2710
03001627 2711
03001627 2712
03001627 2713
03001627 2714
03001627 2715
03001627 2716
03001627 2717
03001627 2718
03001627 2719
03001627 2720
03001627 2721
03001627 2722
03001627 2723
03001627 2724
03001627 2725
03001627 2726
03001627 2727
03001627 2728
03001627 2729
03001627 2730
03001627 2731
03001627 2732
03001627 2733
03001627 2734
03001627 2735
03001627 2736
03001627 2737
03001627 2738
03001627 2739
03001627 2740
03001627 2741
03001627 2742
03001627 2743
03001627 2744
03001627 2745
03001627 2746
03001627 2747
03001627 2748
03001627 2749
03001627 2750
03001627 2751
03001627 2752
03001627 2753
03001627 2754
03001627 2755
03001627 2756
03001627 2757
03001627 2758
03001627 2759
03001627 2760
03001627 2761
03001627 2762
03001627 2763
03001627 2764
03001627 2765
03001627 2766
03001627 2767
03001627 2768
03001627 2769
03001627 2770
03001627 2771
03001627 2772
03001627 2773
03001627 2774
03001627 2775
03001627 2776
03001627 2777
03001627 2778
03001627 2779
03001627 2780
03001627 2781
03001627 2782
03001627 2783
03001627 2784
03001627 2785
03001627 2786
03001627 2787
03001627 2788
03001627 2789
03001627 2790
03001627 2791
03001627 2792
03001627 2793
03001627 2794
03001627 2795
03001627 2796
03001627 2797
03001627 2798
03001627 2799
03001627 2800
03001627 2801
03001627 2802
03001627 2803
03001627 2804
03001627 2805
03001627 2806
03001627 2807
03001627 2808
03001627 2809
03001627 2810
03001627 2811
03001627 2812
03001627 2813
03001627 2814
03001627 2815
03001627 2816
03001627 2817
03001627 2818
03001627 2819
03001627 2820
03001627 2821
03001627 2822
03001627 2823
03001627 2824
03001627 2825
03001627 2826
03001627 2827
03001627 2828
03001627 2829
03001627 2830
03001627 2831
03001627 2832
03001627 2833
03001627 2834
03001627 2835
03001627 2836
03001627 2837
03001627 2838
03001627 2839
03001627 2840
03001627 2841
03001627 2842
03001627 2843
03001627 2844
03001627 2845
03001627 2846
03001627 2847
03001627 2848
03001627 2849
03001627 2850
03001627 2851
03001627 2852
03001627 2853
03001627 2854
03001627 2855
03001627 2856
03001627 2857
03001627 2858
03001627 2859
03001627 2860
03001627 2861
03001627 2862
03001627 2863
03001627 2864
03001627 2865
03001627 2866
03001627 2867
03001627 2868
03001627 2869
03001627 2870
03001627 2871
03001627 2872
03001627 2873
03001627 2874
03001627 2875
03001627 2876
03001627 2877
03001627 2878
03001627 2879
03001627 2880
03001627 2881
03001627 2882
03001627 2883
03001627 2884
03001627 2885
03001627 2886
03001627 2887
03001627 2888
03001627 2889
03001627 2890
03001627 2891
03001627 2892
03001627 2893
03001627 2894
03001627 2895
03001627 2896
03001627 2897
03001627 2898
03001627 2899
03001627 2900
03001627 2901
03001627 2902
03001627 2903
03001627 2904
03001627 2905
03001627 2906
03001627 2907
03001627 2908
03001627 2909
03001627 2910
03001627 2911
03001627 2912
03001627 2913
03001627 2914
03001627 2915
03001627 2916
03001627 2917
03001627 2918
03001627 2919
03001627 2920
03001627 2921
03001627 2922
03001627 2923
03001627 2924
03001627 2925
03001627 2926
03001627 2927
03001627 2928
03001627 2929
03001627 2930
03001627 2931
03001627 2932
03001627 2933
03001627 2934
03001627 2935
03001627 2936
03001627 2937
03001627 2938
03001627 2939
03001627 2940
03001627 2941
03001627 2942
03001627 2943
03001627 2944
03001627 2945
03001627 2946
03001627 2947
03001627 2948
03001627 2949
03001627 2950
03001627 2951
03001627 2952
03001627 2953
03001627 2954
03001627 2955
03001627 2956
03001627 2957
03001627 2958
03001627 2959
03001627 2960
03001627 2961
03001627 2962
03001627 2963
03001627 2964
03001627 2965
03001627 2966
03001627 2967
03001627 2968
03001627 2969
03001627 2970
03001627 2971
03001627 2972
03001627 2973
03001627 2974
03001627 2975
03001627 2976
03001627 2977
03001627 2978
03001627 2979
03001627 2980
03001627 2981
03001627 2982
03001627 2983
03001627 2984
03001627 2985
03001627 2986
03001627 2987
03001627 2988
03001627 2989
03001627 2990
03001627 2991
03001627 2992
03001627 2993
03001627 2994
03001627 2995
03001627 2996
03001627 2997
03001627 2998
03001627 2999
03001627 3000
03001627 3001
03001627 3002
03001627 3003
03001627 3004
03001627 3005
03001627 3006
03001627 3007
03001627 3008
03001627 3009
03001627 3010
03001627 3011
03001627 3012
03001627 3013
03001627 3014
03001627 3015
03001627 3016
03001627 3017
03001627 3018
03001627 3019
03001627 3020
03001627 3021
03001627 3022
03001627 3023
03001627 3024
03001627 3025
03001627 3026
03001627 3027
03001627 3028
03001627 3029
03001627 3030
03001627 3031
03001627 3032
03001627 3033
03001627 3034
03001627 3035
03001627 3036
03001627 3037
03001627 3038
03001627 3039
03001627 3040
03001627 3041
03001627 3042
03001627 3043
03001627 3044
03001627 3045
03001627 3046
03001627 3047
03001627 3048
03001627 3049
03001627 3050
03001627 3051
03001627 3052
03001627 3053
03001627 3054
03001627 3055
03001627 3056
03001627 3057
03001627 3058
03001627 3059
03001627 3060
03001627 3061
03001627 3062
03001627 3063
03001627 3064
03001627 3065
03001627 3066
03001627 3067
03001627 3068
03001627 3069
03001627 3070
03001627 3071
03001627 3072
03001627 3073
03001627 3074
03001627 3075
03001627 3076
03001627 3077
03001627 3078
03001627 3079
03001627 3080
03001627 3081
03001627 3082
03001627 3083
03001627 3084
03001627 3085
03001627 3086
03001627 3087
03001627 3088
03001627 3089
03001627 3090
03001627 3091
03001627 3092
03001627 3093
03001627 3094
03001627 3095
03001627 3096
03001627 3097
03001627 3098
03001627 3099
03001627 3100
03001627 3101
03001627 3102
03001627 3103
03001627 3104
03001627 3105
03001627 3106
03001627 3107
03001627 3108
03001627 3109
03001627 3110
03001627 3111
03001627 3112
03001627 3113
03001627 3114
03001627 3115
03001627 3116
03001627 3117
03001627 3118
03001627 3119
03001627 3120
03001627 3121
03001627 3122
03001627 3123
03001627 3124
03001627 3125
03001627 3126
03001627 3127
03001627 3128
03001627 3129
03001627 3130
03001627 3131
03001627 3132
03001627 3133
03001627 3134
03001627 3135
03001627 3136
03001627 3137
03001627 3138
03001627 3139
03001627 3140
03001627 3141
03001627 3142
03001627 3143
03001627 3144
03001627 3145
03001627 3146
03001627 3147
03001627 3148
03001627 3149
03001627 3150
03001627 3151
03001627 3152
03001627 3153
03001627 3154
03001627 3155
03001627 3156
03001627 3157
03001627 3158
03001627 3159
03001627 3160
03001627 3161
03001627 3162
03001627 3163
03001627 3164
03001627 3165
03001627 3166
03001627 3167
03001627 3168
03001627 3169
03001627 3170
03001627 3171
03001627 3172
03001627 3173
03001627 3174
03001627 3175
03001627 3176
03001627 3177
03001627 3178
03001627 3179
03001627 3180
03001627 3181
03001627 3182
03001627 3183
03001627 3184
03001627 3185
03001627 3186
03001627 3187
03001627 3188
03001627 3189
03001627 3190
03001627 3191
03001627 3192
03001627 3193
03001627 3194
03001627 3195
03001627 3196
03001627 3197
03001627 3198
03001627 3199
03001627 3200
03001627 3201
03001627 3202
03001627 3203
03001627 3204
03001627 3205
03001627 3206
03001627 3207
03001627 3208
03001627 3209
03001627 3210
03001627 3211
03001627 3212
03001627 3213
03001627 3214
03001627 3215
03001627 3216
03001627 3217
03001627 3218
03001627 3219
03001627 3220
03001627 3221
03001627 3222
03001627 3223
03001627 3224
03001627 3225
03001627 3226
03001627 3227
03001627 3228
03001627 3229
03001627 3230
03001627 3231
03001627 3232
03001627 3233
03001627 3234
03001627 3235
03001627 3236
03001627 3237
03001627 3238
03001627 3239
03001627 3240
03001627 3241
03001627 3242
03001627 3243
03001627 3244
03001627 3245
03001627 3246
03001627 3247
03001627 3248
03001627 3249
03001627 3250
03001627 3251
03001627 3252
03001627 3253
03001627 3254
03001627 3255
03001627 3256
03001627 3257
03001627 3258
03001627 3259
03001627 3260
03001627 3261
03001627 3262
03001627 3263
03001627 3264
03001627 3265
03001627 3266
03001627 3267
03001627 3268
03001627 3269
03001627 3270
03001627 3271
03001627 3272
03001627 3273
03001627 3274
03001627 3275
03001627 3276
03001627 3277
03001627 3278
03001627 3279
03001627 3280
03001627 3281
03001627 3282
03001627 3283
03001627 3284
03001627 3285
03001627 3286
03001627 3287
03001627 3288
03001627 3289
03001627 3290
03001627 3291
03001627 3292
03001627 3293
03001627 3294
03001627 3295
03001627 3296
03001627 3297
03001627 3298
03001627 3299
03001627 3300
03001627 3301
03001627 3302
03001627 3303
03001627 3304
03001627 3305
03001627 3306
03001627 3307
03001627 3308
03001627 3309
03001627 3310
03001627 3311
03001627 3312
03001627 3313
03001627 3314
03001627 3315
03001627 3316
03001627 3317
03001627 3318
03001627 3319
03001627 3320
03001627 3321
03001627 3322
03001627 3323
03001627 3324
03001627 3325
03001627 3326
03001627 3327
03001627 3328
03001627 3329
03001627 3330
03001627 3331
03001627 3332
03001627 3333
03001627 3334
03001627 3335
03001627 3336
03001627 3337
03001627 3338
03001627 3339
03001627 3340
03001627 3341
03001627 3342
03001627 3343
03001627 3344
03001627 3345
03001627 3346
03001627 3347
03001627 3348
03001627 3349
03001627 3350
03001627 3351
03001627 3352
03001627 3353
03001627 3354
03001627 3355
03001627 3356
03001627 3357
03001627 3358
03001627 3359
03001627 3360
03001627 3361
03001627 3362
03001627 3363
03001627 3364
03001627 3365
03001627 3366
03001627 3367
03001627 3368
03001627 3369
03001627 3370
03001627 3371
03001627 3372
03001627 3373
03001627 3374
03001627 3375
03001627 3376
03001627 3377
03001627 3378
03001627 3379
03001627 3380
03001627 3381
03001627 3382
03001627 3383
03001627 3384
03001627 3385
03001627 3386
03001627 3387
03001627 3388
03001627 3389
03001627 3390
03001627 3391
03001627 3392
03001627 3393
03001627 3394
03001627 3395
03001627 3396
03001627 3397
03001627 3398
03001627 3399
03001627 3400
03001627 3401
03001627 3402
03001627 3403
03001627 3404
03001627 3405
03001627 3406
03001627 3407
03001627 3408
03001627 3409
03001627 3410
03001627 3411
03001627 3412
03001627 3413
03001627 3414
03001627 3415
03001627 3416
03001627 3417
03001627 3418
03001627 3419
03001627 3420
03001627 3421
03001627 3422
03001627 3423
03001627 3424
03001627 3425
03001627 3426
03001627 3427
03001627 3428
03001627 3429
03001627 3430
03001627 3431
03001627 3432
03001627 3433
03001627 3434
03001627 3435
03001627 3436
03001627 3437
03001627 3438
03001627 3439
03001627 3440
03001627 3441
03001627 3442
03001627 3443
03001627 3444
03001627 3445
03001627 3446
03001627 3447
03001627 3448
03001627 3449
03001627 3450
03001627 3451
03001627 3452
03001627 3453
03001627 3454
03001627 3455
03001627 3456
03001627 3457
03001627 3458
03001627 3459
03001627 3460
03001627 3461
03001627 3462
03001627 3463
03001627 3464
03001627 3465
03001627 3466
03001627 3467
03001627 3468
03001627 3469
03001627 3470
03001627 3471
03001627 3472
03001627 3473
03001627 3474
03001627 3475
03001627 3476
03001627 3477
03001627 3478
03001627 3479
03001627 3480
03001627 3481
03001627 3482
03001627 3483
03001627 3484
03001627 3485
03001627 3486
03001627 3487
03001627 3488
03001627 3489
03001627 3490
03001627 3491
03001627 3492
03001627 3493
03001627 3494
03001627 3495
03001627 3496
03001627 3497
03001627 3498
03001627 3499
03001627 3500
03001627 3501
03001627 3502
03001627 3503
03001627 3504
03001627 3505
03001627 3506
03001627 3507
03001627 3508
03001627 3509
03001627 3510
03001627 3511
03001627 3512
03001627 3513
03001627 3514
03001627 3515
03001627 3516
03001627 3517
03001627 3518
03001627 3519
03001627 3520
03001627 3521
03001627 3522
03001627 3523
03001627 3524
03001627 3525
03001627 3526
03001627 3527
03001627 3528
03001627 3529
03001627 3530
03001627 3531
03001627 3532
03001627 3533
03001627 3534
03001627 3535
03001627 3536
03001627 3537
03001627 3538
03001627 3539
03001627 3540
03001627 3541
03001627 3542
03001627 3543
03001627 3544
03001627 3545
03001627 3546
03001627 3547
03001627 3548
03001627 3549
03001627 3550
03001627 3551
03001627 3552
03001627 3553
03001627 3554
03001627 3555
03001627 3556
03001627 3557
03001627 3558
03001627 3559
03001627 3560
03001627 3561
03001627 3562
03001627 3563
03001627 3564
03001627 3565
03001627 3566
03001627 3567
03001627 3568
03001627 3569
03001627 3570
03001627 3571
03001627 3572
03001627 3573
03001627 3574
03001627 3575
03001627 3576
03001627 3577
03001627 3578
03001627 3579
03001627 3580
03001627 3581
03001627 3582
03001627 3583
03001627 3584
03001627 3585
03001627 3586
03001627 3587
03001627 3588
03001627 3589
03001627 3590
03001627 3591
03001627 3592
03001627 3593
03001627 3594
03001627 3595
03001627 3596
03001627 3597
03001627 3598
03001627 3599
03001627 3600
03001627 3601
03001627 3602
03001627 3603
03001627 3604
03001627 3605
03001627 3606
03001627 3607
03001627 3608
03001627 3609
03001627 3610
03001627 3611
03001627 3612
03001627 3613
03001627 3614
03001627 3615
03001627 3616
03001627 3617
03001627 3618
03001627 3619
03001627 3620
03001627 3621
03001627 3622
03001627 3623
03001627 3624
03001627 3625
03001627 3626
03001627 3627
03001627 3628
03001627 3629
03001627 3630
03001627 3631
03001627 3632
03001627 3633
03001627 3634
03001627 3635
03001627 3636
03001627 3637
03001627 3638
03001627 3639
03001627 3640
03001627 3641
03001627 3642
03001627 3643
03001627 3644
03001627 3645
03001627 3646
03001627 3647
03001627 3648
03001627 3649
03001627 3650
03001627 3651
03001627 3652
03001627 3653
03001627 3654
03001627 3655
03001627 3656
03001627 3657
03001627 3658
03001627 3659
03001627 3660
03001627 3661
03001627 3662
03001627 3663
03001627 3664
03001627 3665
03001627 3666
03001627 3667
03001627 3668
03001627 3669
03001627 3670
03001627 3671
03001627 3672
03001627 3673
03001627 3674
03001627 3675
03001627 3676
03001627 3677
03001627 3678
03001627 3679
03001627 3680
03001627 3681
03001627 3682
03001627 3683
03001627 3684
03001627 3685
03001627 3686
03001627 3687
03001627 3688
03001627 3689
03001627 3690
03001627 3691
03001627 3692
03001627 3693
03001627 3694
03001627 3695
03001627 3696
03001627 3697
03001627 3698
03001627 3699
03001627 3700
03001627 3701
03001627 3702
03001627 3703
03001627 3704
03001627 3705
03001627 3706
03001627 3707
03001627 3708
03001627 3709
03001627 3710
03001627 3711
03001627 3712
03001627 3713
03001627 3714
03001627 3715
03001627 3716
03001627 3717
03001627 3718
03001627 3719
03001627 3720
03001627 3721
03001627 3722
03001627 3723
03001627 3724
03001627 3725
03001627 3726
03001627 3727
03001627 3728
03001627 3729
03001627 3730
03001627 3731
03001627 3732
03001627 3733
03001627 3734
03001627 3735
03001627 3736
03001627 3737
03001627 3738
03001627 3739
03001627 3740
03001627 3741
03001627 3742
03001627 3743
03001627 3744
03001627 3745
03001627 3746
03001627 3747
03001627 3748
03001627 3749
03001627 3750
03001627 3751
03001627 3752
03001627 3753
03001627 3754
03001627 3755
03001627 3756
03001627 3757
03001627 3758
03001627 3759
03001627 3760
03001627 3761
03001627 3762
03001627 3763
03001627 3764
03001627 3765
03001627 3766
03001627 3767
03001627 3768
03001627 3769
03001627 3770
03001627 3771
03001627 3772
03001627 3773
03001627 3774
03001627 3775
03001627 3776
03001627 3777
03001627 3778
03001627 3779
03001627 3780
03001627 3781
03001627 3782
03001627 3783
03001627 3784
03001627 3785
03001627 3786
03001627 3787
03001627 3788
03001627 3789
03001627 3790
03001627 3791
03001627 3792
03001627 3793
03001627 3794
03001627 3795
03001627 3796
03001627 3797
03001627 3798
03001627 3799
03001627 3800
03001627 3801
03001627 3802
03001627 3803
03001627 3804
03001627 3805
03001627 3806
03001627 3807
03001627 3808
03001627 3809
03001627 3810
03001627 3811
03001627 3812
03001627 3813
03001627 3814
03001627 3815
03001627 3816
03001627 3817
03001627 3818
03001627 3819
03001627 3820
03001627 3821
03001627 3822
03001627 3823
03001627 3824
03001627 3825
03001627 3826
03001627 3827
03001627 3828
03001627 3829
03001627 3830
03001627 3831
03001627 3832
03001627 3833
03001627 3834
03001627 3835
03001627 3836
03001627 3837
03001627 3838
03001627 3839
03001627 3840
03001627 3841
03001627 3842
03001627 3843
03001627 3844
03001627 3845
03001627 3846
03001627 3847
03001627 3848
03001627 3849
03001627 3850
03001627 3851
03001627 3852
03001627 3853
03001627 3854
03001627 3855
03001627 3856
03001627 3857
03001627 3858
03001627 3859
03001627 3860
03001627 3861
03001627 3862
03001627 3863
03001627 3864
03001627 3865
03001627 3866
03001627 3867
03001627 3868
03001627 3869
03001627 3870
03001627 3871
03001627 3872
03001627 3873
03001627 3874
03001627 3875
03001627 3876
03001627 3877
03001627 3878
03001627 3879
03001627 3880
03001627 3881
03001627 3882
03001627 3883
03001627 3884
03001627 3885
03001627 3886
03001627 3887
03001627 3888
03001627 3889
03001627 3890
03001627 3891
03001627 3892
03001627 3893
03001627 3894
03001627 3895
03001627 3896
03001627 3897
03001627 3898
03001627 3899
03001627 3900
03001627 3901
03001627 3902
03001627 3903
03001627 3904
03001627 3905
03001627 3906
03001627 3907
03001627 3908
03001627 3909
03001627 3910
03001627 3911
03001627 3912
03001627 3913
03001627 3914
03001627 3915
03001627 3916
03001627 3917
03001627 3918
03001627 3919
03001627 3920
03001627 3921
03001627 3922
03001627 3923
03001627 3924
03001627 3925
03001627 3926
03001627 3927
03001627 3928
03001627 3929
03001627 3930
03001627 3931
03001627 3932
03001627 3933
03001627 3934
03001627 3935
03001627 3936
03001627 3937
03001627 3938
03001627 3939
03001627 3940
03001627 3941
03001627 3942
03001627 3943
03001627 3944
03001627 3945
03001627 3946
03001627 3947
03001627 3948
03001627 3949
03001627 3950
03001627 3951
03001627 3952
03001627 3953
03001627 3954
03001627 3955
03001627 3956
03001627 3957
03001627 3958
03001627 3959
03001627 3960
03001627 3961
03001627 3962
03001627 3963
03001627 3964
03001627 3965
03001627 3966
03001627 3967
03001627 3968
03001627 3969
03001627 3970
03001627 3971
03001627 3972
03001627 3973
03001627 3974
03001627 3975
03001627 3976
03001627 3977
03001627 3978
03001627 3979
03001627 3980
03001627 3981
03001627 3982
03001627 3983
03001627 3984
03001627 3985
03001627 3986
03001627 3987
03001627 3988
03001627 3989
03001627 3990
03001627 3991
03001627 3992
03001627 3993
03001627 3994
03001627 3995
03001627 3996
03001627 3997
03001627 3998
03001627 3999
03001627 4000
03001627 4001
03001627 4002
03001627 4003
03001627 4004
03001627 4005
03001627 4006
03001627 4007
03001627 4008
03001627 4009
03001627 4010
03001627 4011
03001627 4012
03001627 4013
03001627 4014
03001627 4015
03001627 4016
03001627 4017
03001627 4018
03001627 4019
03001627 4020
03001627 4021
03001627 4022
03001627 4023
03001627 4024
03001627 4025
03001627 4026
03001627 4027
03001627 4028
03001627 4029
03001627 4030
03001627 4031
03001627 4032
03001627 4033
03001627 4034
03001627 4035
03001627 4036
03001627 4037
03001627 4038
03001627 4039
03001627 4040
03001627 4041
03001627 4042
03001627 4043
03001627 4044
03001627 4045
03001627 4046
03001627 4047
03001627 4048
03001627 4049
03001627 4050
03001627 4051
03001627 4052
03001627 4053
03001627 4054
03001627 4055
03001627 4056
03001627 4057
03001627 4058
03001627 4059
03001627 4060
03001627 4061
03001627 4062
03001627 4063
03001627 4064
03001627 4065
03001627 4066
03001627 4067
03001627 4068
03001627 4069
03001627 4070
03001627 4071
03001627 4072
03001627 4073
03001627 4074
03001627 4075
03001627 4076
03001627 4077
03001627 4078
03001627 4079
03001627 4080
03001627 4081
03001627 4082
03001627 4083
03001627 4084
03001627 4085
03001627 4086
03001627 4087
03001627 4088
03001627 4089
03001627 4090
03001627 4091
03001627 4092
03001627 4093
03001627 4094
03001627 4095
03001627 4096
03001627 4097
03001627 4098
03001627 4099
03001627 4100
03001627 4101
03001627 4102
03001627 4103
03001627 4104
03001627 4105
03001627 4106
03001627 4107
03001627 4108
03001627 4109
03001627 4110
03001627 4111
03001627 4112
03001627 4113
03001627 4114
03001627 4115
03001627 4116
03001627 4117
03001627 4118
03001627 4119
03001627 4120
03001627 4121
03001627 4122
03001627 4123
03001627 4124
03001627 4125
03001627 4126
03001627 4127
03001627 4128
03001627 4129
03001627 4130
03001627 4131
03001627 4132
03001627 4133
03001627 4134
03001627 4135
03001627 4136
03001627 4137
03001627 4138
03001627 4139
03001627 4140
03001627 4141
03001627 4142
03001627 4143
03001627 4144
03001627 4145
03001627 4146
03001627 4147
03001627 4148
03001627 4149
03001627 4150
03001627 4151
03001627 4152
03001627 4153
03001627 4154
03001627 4155
03001627 4156
03001627 4157
03001627 4158
03001627 4159
03001627 4160
03001627 4161
03001627 4162
03001627 4163
03001627 4164
03001627 4165
03001627 4166
03001627 4167
03001627 4168
03001627 4169
03001627 4170
03001627 4171
03001627 4172
03001627 4173
03001627 4174
03001627 4175
03001627 4176
03001627 4177
03001627 4178
03001627 4179
03001627 4180
03001627 4181
03001627 4182
03001627 4183
03001627 4184
03001627 4185
03001627 4186
03001627 4187
03001627 4188
03001627 4189
03001627 4190
03001627 4191
03001627 4192
03001627 4193
03001627 4194
03001627 4195
03001627 4196
03001627 4197
03001627 4198
03001627 4199
03001627 4200
03001627 4201
03001627 4202
03001627 4203
03001627 4204
03001627 4205
03001627 4206
03001627 4207
03001627 4208
03001627 4209
03001627 4210
03001627 4211
03001627 4212
03001627 4213
03001627 4214
03001627 4215
03001627 4216
03001627 4217
03001627 4218
03001627 4219
03001627 4220
03001627 4221
03001627 4222
03001627 4223
03001627 4224
03001627 4225
03001627 4226
03001627 4227
03001627 4228
03001627 4229
03001627 4230
03001627 4231
03001627 4232
03001627 4233
03001627 4234
03001627 4235
03001627 4236
03001627 4237
03001627 4238
03001627 4239
03001627 4240
03001627 4241
03001627 4242
03001627 4243
03001627 4244
03001627 4245
03001627 4246
03001627 4247
03001627 4248
03001627 4249
03001627 4250
03001627 4251
03001627 4252
03001627 4253
03001627 4254
03001627 4255
03001627 4256
03001627 4257
03001627 4258
03001627 4259
03001627 4260
03001627 4261
03001627 4262
03001627 4263
03001627 4264
03001627 4265
03001627 4266
03001627 4267
03001627 4268
03001627 4269
03001627 4270
03001627 4271
03001627 4272
03001627 4273
03001627 4274
03001627 4275
03001627 4276
03001627 4277
03001627 4278
03001627 4279
03001627 4280
03001627 4281
03001627 4282
03001627 4283
03001627 4284
03001627 4285
03001627 4286
03001627 4287
03001627 4288
03001627 4289
03001627 4290
03001627 4291
03001627 4292
03001627 4293
03001627 4294
03001627 4295
03001627 4296
03001627 4297
03001627 4298
03001627 4299
03001627 4300
03001627 4301
03001627 4302
03001627 4303
03001627 4304
03001627 4305
03001627 4306
03001627 4307
03001627 4308
03001627 4309
03001627 4310
03001627 4311
03001627 4312
03001627 4313
03001627 4314
03001627 4315
03001627 4316
03001627 4317
03001627 4318
03001627 4319
03001627 4320
03001627 4321
03001627 4322
03001627 4323
03001627 4324
03001627 4325
03001627 4326
03001627 4327
03001627 4328
03001627 4329
03001627 4330
03001627 4331
03001627 4332
03001627 4333
03001627 4334
03001627 4335
03001627 4336
03001627 4337
03001627 4338
03001627 4339
03001627 4340
03001627 4341
03001627 4342
03001627 4343
03001627 4344
03001627 4345
03001627 4346
03001627 4347
03001627 4348
03001627 4349
03001627 4350
03001627 4351
03001627 4352
03001627 4353
03001627 4354
03001627 4355
03001627 4356
03001627 4357
03001627 4358
03001627 4359
03001627 4360
03001627 4361
03001627 4362
03001627 4363
03001627 4364
03001627 4365
03001627 4366
03001627 4367
03001627 4368
03001627 4369
03001627 4370
03001627 4371
03001627 4372
03001627 4373
03001627 4374
03001627 4375
03001627 4376
03001627 4377
03001627 4378
03001627 4379
03001627 4380
03001627 4381
03001627 4382
03001627 4383
03001627 4384
03001627 4385
03001627 4386
03001627 4387
03001627 4388
03001627 4389
03001627 4390
03001627 4391
03001627 4392
03001627 4393
03001627 4394
03001627 4395
03001627 4396
03001627 4397
03001627 4398
03001627 4399
03001627 4400
03001627 4401
03001627 4402
03001627 4403
03001627 4404
03001627 4405
03001627 4406
03001627 4407
03001627 4408
03001627 4409
03001627 4410
03001627 4411
03001627 4412
03001627 4413
03001627 4414
03001627 4415
03001627 4416
03001627 4417
03001627 4418
03001627 4419
03001627 4420
03001627 4421
03001627 4422
03001627 4423
03001627 4424
03001627 4425
03001627 4426
03001627 4427
03001627 4428
03001627 4429
03001627 4430
03001627 4431
03001627 4432
03001627 4433
03001627 4434
03001627 4435
03001627 4436
03001627 4437
03001627 4438
03001627 4439
03001627 4440
03001627 4441
03001627 4442
03001627 4443
03001627 4444
03001627 4445
03001627 4446
03001627 4447
03001627 4448
03001627 4449
03001627 4450
03001627 4451
03001627 4452
03001627 4453
03001627 4454
03001627 4455
03001627 4456
03001627 4457
03001627 4458
03001627 4459
03001627 4460
03001627 4461
03001627 4462
03001627 4463
03001627 4464
03001627 4465
03001627 4466
03001627 4467
03001627 4468
03001627 4469
03001627 4470
03001627 4471
03001627 4472
03001627 4473
03001627 4474
03001627 4475
03001627 4476
03001627 4477
03001627 4478
03001627 4479
03001627 4480
03001627 4481
03001627 4482
03001627 4483
03001627 4484
03001627 4485
03001627 4486
03001627 4487
03001627 4488
03001627 4489
03001627 4490
03001627 4491
03001627 4492
03001627 4493
03001627 4494
03001627 4495
03001627 4496
03001627 4497
03001627 4498
03001627 4499
03001627 4500
03001627 4501
03001627 4502
03001627 4503
03001627 4504
03001627 4505
03001627 4506
03001627 4507
03001627 4508
03001627 4509
03001627 4510
03001627 4511
03001627 4512
03001627 4513
03001627 4514
03001627 4515
03001627 4516
03001627 4517
03001627 4518
03001627 4519
03001627 4520
03001627 4521
03001627 4522
03001627 4523
03001627 4524
03001627 4525
03001627 4526
03001627 4527
03001627 4528
03001627 4529
03001627 4530
03001627 4531
03001627 4532
03001627 4533
03001627 4534
03001627 4535
03001627 4536
03001627 4537
03001627 4538
03001627 4539
03001627 4540
03001627 4541
03001627 4542
03001627 4543
03001627 4544
03001627 4545
03001627 4546
03001627 4547
03001627 4548
03001627 4549
03001627 4550
03001627 4551
03001627 4552
03001627 4553
03001627 4554
03001627 4555
03001627 4556
03001627 4557
03001627 4558
03001627 4559
03001627 4560
03001627 4561
03001627 4562
03001627 4563
03001627 4564
03001627 4565
03001627 4566
03001627 4567
03001627 4568
03001627 4569
03001627 4570
03001627 4571
03001627 4572
03001627 4573
03001627 4574
03001627 4575
03001627 4576
03001627 4577
03001627 4578
03001627 4579
03001627 4580
03001627 4581
03001627 4582
03001627 4583
03001627 4584
03001627 4585
03001627 4586
03001627 4587
03001627 4588
03001627 4589
03001627 4590
03001627 4591
03001627 4592
03001627 4593
03001627 4594
03001627 4595
03001627 4596
03001627 4597
03001627 4598
03001627 4599
03001627 4600
03001627 4601
03001627 4602
03001627 4603
03001627 4604
03001627 4605
03001627 4606
03001627 4607
03001627 4608
03001627 4609
03001627 4610
03001627 4611
03001627 4612
03001627 4613
03001627 4614
03001627 4615
03001627 4616
03001627 4617
03001627 4618
03001627 4619
03001627 4620
03001627 4621
03001627 4622
03001627 4623
03001627 4624
03001627 4625
03001627 4626
03001627 4627
03001627 4628
03001627 4629
03001627 4630
03001627 4631
03001627 4632
03001627 4633
03001627 4634
03001627 4635
03001627 4636
03001627 4637
03001627 4638
03001627 4639
03001627 4640
03001627 4641
03001627 4642
03001627 4643
03001627 4644
03001627 4645
03001627 4646
03001627 4647
03001627 4648
03001627 4649
03001627 4650
03001627 4651
03001627 4652
03001627 4653
03001627 4654
03001627 4655
03001627 4656
03001627 4657
03001627 4658
03001627 4659
03001627 4660
03001627 4661
03001627 4662
03001627 4663
03001627 4664
03001627 4665
03001627 4666
03001627 4667
03001627 4668
03001627 4669
03001627 4670
03001627 4671
03001627 4672
03001627 4673
03001627 4674
03001627 4675
03001627 4676
03001627 4677
03001627 4678
03001627 4679
03001627 4680
03001627 4681
03001627 4682
03001627 4683
03001627 4684
03001627 4685
03001627 4686
03001627 4687
03001627 4688
03001627 4689
03001627 4690
03001627 4691
03001627 4692
03001627 4693
03001627 4694
03001627 4695
03001627 4696
03001627 4697
03001627 4698
03001627 4699
03001627 4700
03001627 4701
03001627 4702
03001627 4703
03001627 4704
03001627 4705
03001627 4706
03001627 4707
03001627 4708
03001627 4709
03001627 4710
03001627 4711
03001627 4712
03001627 4713
03001627 4714
03001627 4715
03001627 4716
03001627 4717
03001627 4718
03001627 4719
03001627 4720
03001627 4721
03001627 4722
03001627 4723
03001627 4724
03001627 4725
03001627 4726
03001627 4727
03001627 4728
03001627 4729
03001627 4730
03001627 4731
03001627 4732
03001627 4733
03001627 4734
03001627 4735
03001627 4736
03001627 4737
03001627 4738
03001627 4739
03001627 4740
03001627 4741
03001627 4742
03001627 4743
